<?xml version="1.0"?>
<opencv_storage>
<EEF_0 type_id="opencv-matrix">
  <rows>4</rows>
  <cols>4</cols>
  <dt>d</dt>
  <data>
    8.7103360157896448e-001 -6.4001919315732371e-004
    4.9122301991642242e-001 3.5898700545768810e+002
    -6.2895635966121440e-004 -9.9999978460107219e-001
    -1.8764782668747213e-004 -3.0461204159534887e-002
    4.9122303420572122e-001 -1.4551028008036711e-004
    -8.7103381650340261e-001 6.7195720790789005e+002 0. 0. 0. 1.</data></EEF_0>
<EEF_1 type_id="opencv-matrix">
  <rows>4</rows>
  <cols>4</cols>
  <dt>d</dt>
  <data>
    8.9332535960559800e-001 -3.8108671427042252e-002
    4.4779183896939773e-001 2.5748523563356002e+002
    -4.2518850559964586e-002 -9.9909564407641549e-001
    -2.0330910453785419e-004 -2.8870466655307438e-002
    4.4739462360715582e-001 -1.8857973104189171e-002
    -8.9413781243039547e-001 6.9664184079074630e+002 0. 0. 0. 1.</data></EEF_1>
<EEF_2 type_id="opencv-matrix">
  <rows>4</rows>
  <cols>4</cols>
  <dt>d</dt>
  <data>
    9.1849210180046048e-001 1.4676455707283415e-001
    3.6719534816959132e-001 2.9117977273960150e+002
    1.4279273887196325e-001 -9.8901811214353252e-001
    3.8123582957093678e-002 2.7843271145272780e+001
    3.6875804080130359e-001 1.7416619627754881e-002
    -9.2936223761519732e-001 6.7973985167428634e+002 0. 0. 0. 1.</data></EEF_2>
<EEF_3 type_id="opencv-matrix">
  <rows>4</rows>
  <cols>4</cols>
  <dt>d</dt>
  <data>
    8.8166547038464793e-001 3.5127975236423403e-001
    3.1506909386726600e-001 3.0341640764196757e+002
    3.5022455539436537e-001 -9.3461254902131674e-001
    6.1985030537186889e-002 8.0596161071641319e+001
    3.1624161511451443e-001 5.5694872212793151e-002
    -9.4704240775108051e-001 6.7475428322354526e+002 0. 0. 0. 1.</data></EEF_3>
<EEF_4 type_id="opencv-matrix">
  <rows>4</rows>
  <cols>4</cols>
  <dt>d</dt>
  <data>
    9.2537458296029185e-001 2.8601940561660555e-001
    2.4874641871148506e-001 4.1291473966366760e+002
    3.1921736399791201e-001 -9.4190270847029212e-001
    -1.0449670951064623e-001 1.2819249088746869e+002
    2.0440683876350699e-001 1.7610277506913818e-001
    -9.6291518675304832e-001 5.7266946873121003e+002 0. 0. 0. 1.</data></EEF_4>
<EEF_5 type_id="opencv-matrix">
  <rows>4</rows>
  <cols>4</cols>
  <dt>d</dt>
  <data>
    9.2655865402258031e-001 2.7207165768816055e-001
    2.5974232180890489e-001 4.4028674684121358e+002
    3.0736421433095495e-001 -9.4568519192038503e-001
    -1.0586197396241789e-001 1.2232420938202405e+002
    2.1683242470760475e-001 1.7792282277808355e-001
    -9.5985788986187937e-001 5.5265408908686766e+002 0. 0. 0. 1.</data></EEF_5>
<EEF_6 type_id="opencv-matrix">
  <rows>4</rows>
  <cols>4</cols>
  <dt>d</dt>
  <data>
    9.4254868463882990e-001 -1.9957825078862990e-001
    2.6790016591589216e-001 4.4372185444089462e+002
    -1.6581245888908214e-001 -9.7566539916714978e-001
    -1.4346866328631747e-001 1.1009297767419699e+002
    2.9001414717694074e-001 9.0805014620102570e-002
    -9.5270469913666056e-001 5.5339237697729266e+002 0. 0. 0. 1.</data></EEF_6>
<EEF_7 type_id="opencv-matrix">
  <rows>4</rows>
  <cols>4</cols>
  <dt>d</dt>
  <data>
    9.8715301758739549e-001 -3.2577209741494195e-003
    1.5974450576515534e-001 4.6629422828227007e+002
    3.1970166373409215e-002 -9.7554626619012885e-001
    -2.1745664161978276e-001 6.4343872279569098e+001
    1.5654656920595761e-001 2.1977003839593942e-001
    -9.6290929058416075e-001 5.3513064737570767e+002 0. 0. 0. 1.</data></EEF_7>
<EEF_8 type_id="opencv-matrix">
  <rows>4</rows>
  <cols>4</cols>
  <dt>d</dt>
  <data>
    9.1926520963404812e-001 -5.6603228594880317e-002
    3.8954787750558406e-001 4.3638229849888489e+002
    1.1108960728527878e-002 -9.8548292241838698e-001
    -1.6941074527091796e-001 6.4060251076877549e+001
    3.9348197588708161e-001 1.6006087633882160e-001
    -9.0529136222414419e-001 6.2502419663268529e+002 0. 0. 0. 1.</data></EEF_8>
<EEF_9 type_id="opencv-matrix">
  <rows>4</rows>
  <cols>4</cols>
  <dt>d</dt>
  <data>
    9.3603018049357711e-001 -3.1421411294122586e-001
    1.5848341374957856e-001 4.3905030325782002e+002
    -2.7586247456745749e-001 -9.3474214169629599e-001
    -2.2395763809823691e-001 6.3690658580975494e+001
    2.1851177618307083e-001 1.6591148171715089e-001
    -9.6162673834692147e-001 5.7559670042127175e+002 0. 0. 0. 1.</data></EEF_9>
<EEF_10 type_id="opencv-matrix">
  <rows>4</rows>
  <cols>4</cols>
  <dt>d</dt>
  <data>
    9.6738282561935340e-001 -1.6939884735237942e-001
    1.8834675259319095e-001 4.8051979697062637e+002
    -1.2651102401699163e-001 -9.6722936949115035e-001
    -2.2014156262715018e-001 3.1226756803969952e+001
    2.1946623771980872e-001 1.8913322634967289e-001
    -9.5711190212622244e-001 5.3591093851994515e+002 0. 0. 0. 1.</data></EEF_10>
<EEF_11 type_id="opencv-matrix">
  <rows>4</rows>
  <cols>4</cols>
  <dt>d</dt>
  <data>
    8.6030675229551878e-001 -4.9798946266716571e-001
    1.0898984827590361e-001 4.9376151281872535e+002
    -4.6912097759213656e-001 -8.5705693209896228e-001
    -2.1302329338387588e-001 -2.9854152923874935e+000
    1.9949386040110373e-001 1.3213595352356719e-001
    -9.7094916934342268e-001 5.0758302197543139e+002 0. 0. 0. 1.</data></EEF_11>
<EEF_12 type_id="opencv-matrix">
  <rows>4</rows>
  <cols>4</cols>
  <dt>d</dt>
  <data>
    9.2253991005443048e-001 -3.5741570701120884e-001
    1.4551332151538912e-001 4.9266454011931341e+002
    -3.3930264137248739e-001 -9.3088972135906689e-001
    -1.3534416952972939e-001 -3.1822939698156347e+001
    1.8383098736180598e-001 7.5487343639292659e-002
    -9.8005501327010558e-001 5.2680663641937338e+002 0. 0. 0. 1.</data></EEF_12>
<EEF_13 type_id="opencv-matrix">
  <rows>4</rows>
  <cols>4</cols>
  <dt>d</dt>
  <data>
    9.4951658479446344e-001 -3.0558253234924226e-001
    7.0975848873282357e-002 4.8341769420133863e+002
    -2.9610078155260644e-001 -9.4770749074064620e-001
    -1.1905813352309817e-001 3.4355282902304580e+001
    1.0364642957764827e-001 9.2031668012116805e-002
    -9.9034720664962395e-001 4.7146545208834448e+002 0. 0. 0. 1.</data></EEF_13>
<EEF_14 type_id="opencv-matrix">
  <rows>4</rows>
  <cols>4</cols>
  <dt>d</dt>
  <data>
    7.1238020612166664e-001 -6.9869375714783111e-001
    6.5889875160752662e-002 4.8092641591591911e+002
    -7.0138803371668179e-001 -7.1201543501231301e-001
    3.2997673603954988e-002 -6.8034509774268287e+001
    2.3859339578005213e-002 -6.9721259504358896e-002
    -9.9728114285191782e-001 4.9387721680092466e+002 0. 0. 0. 1.</data></EEF_14>
<EEF_15 type_id="opencv-matrix">
  <rows>4</rows>
  <cols>4</cols>
  <dt>d</dt>
  <data>
    8.8983642827452736e-001 -4.0674417172020461e-001
    2.0676148018254462e-001 4.1909039449126556e+002
    -4.2821466614489090e-001 -9.0091422946271082e-001
    7.0609849525611765e-002 -1.0380778386331779e+002
    1.5755421484064350e-001 -1.5136951451086400e-001
    -9.7584011982634400e-001 5.5144032228541982e+002 0. 0. 0. 1.</data></EEF_15>
<EEF_16 type_id="opencv-matrix">
  <rows>4</rows>
  <cols>4</cols>
  <dt>d</dt>
  <data>
    8.5390039794566408e-001 -3.7689670514168500e-001
    3.5889132622784037e-001 3.5540414005729508e+002
    -4.1401747040773673e-001 -9.0978655060883495e-001
    2.9630499969742537e-002 -8.5889115673203520e+001
    3.1534686392196015e-001 -1.7388877475162040e-001
    -9.3290891807826826e-001 6.1449736393664352e+002 0. 0. 0. 1.</data></EEF_16>
